2092 16
3096 2
8023 6
8049 30
8143 5
12003 16
12074 6
12084 7
14037 7
15004 30
15088 2
16052 7
16077 18
19021 40
20008 10
21077 15
22013 10
22090 15
22093 15
23025 12
23080 30
23084 15
24004 25
24063 25
24077 20
25098 20
26031 5
27059 15
28075 5
28096 5
33039 20
33066 35
35008 7
35010 25
35058 10
35070 10
35091 10
37073 30
38082 12
38092 25
41004 5
41025 15
41033 5
41069 7
42012 10
42044 7
42049 15
42078 4
43070 4
43074 5
43083 15
45077 15
45096 20
46076 19
48055 14
54005 10
54082 20
55067 8
55073 10
55075 20
56028 20
58060 5
59078 20
60079 3
61060 5
61086 5
62096 10
65010 30
65019 40
65033 30
65074 40
65132 15
66039 10
66053 20
66075 4
67079 30
68077 15
69015 20
69020 15
69040 3
71046 25
76002 15
76053 5
78004 10
78019 30
80099 2
85048 35
86000 20
86016 7
86068 8
87046 15
87065 3
89072 40
90076 35
92059 25
94079 5
95006 15
97017 15
97033 6
100075 10
100080 15
100098 10
101085 25
101087 35
102061 10
103041 25
103070 25
104022 4
105019 10
105025 10
105053 10
106020 15
106024 8
106025 15
108005 30
108041 5
108070 6
108073 5
108082 7
109034 21
109053 20
112082 20
113009 15
113016 10
113044 11
117054 40
118020 20
118035 25
119082 40
122048 15
123074 25
124084 12
126007 15
126039 10
130026 4
130034 2
134008 7
134035 5
134052 10
135037 5
135069 5
138032 5
138078 10
140055 10
140075 10
143090 10
144067 15
145014 15
145053 40
145086 11
147021 7
147062 10
147091 7
148026 10
148089 35
151087 28
153077 40
153093 40
155060 15
156065 6
156079 20
157036 15
157055 20
159008 20
159029 15
159045 15
159091 4
160068 7
161062 10
163014 20
163062 10
163085 10
164074 10
166081 20
167062 4
167083 10
169012 20
170054 40
170057 30
172032 30
173036 10
175032 10
175043 5
176019 20
176035 10
176039 5
178054 5
181018 35
181079 20
181091 15
182053 25
183055 6
183087 5
187003 10
187029 10
187039 20
187071 20
187083 6
188005 10
188063 10
188091 10
189003 15
189011 10
189080 8
196015 7
196073 8
197017 10
198004 25
198023 15
198054 25
202012 20
207056 4
208001 15
209070 35
210088 10
216041 10
216053 20
216066 5
216081 40
219090 25
220075 20
223061 5
225017 5
227040 10
227046 5
227092 10
229036 15
231015 10
232038 15
236017 10
236037 10
238011 10
239007 35
239096 15
241004 10
241048 10
242078 40
245051 30
246016 40
246053 25
247085 9
249061 15
249087 15
253027 15
253036 10
253055 3
254033 15
254054 5
260058 15
260081 20
268002 5
271008 10
271031 4
271035 30
274007 20
277095 40
285036 25
285079 10
286092 30
291000 8
292066 25
293029 15
295087 15
296007 25
296059 30
299086 5
299091 3
300091 4
301007 30
302003 30
302008 40
304034 9 
304074 10
306005 8
309004 10
310007 5
311068 6
311081 4
314016 10
317080 10
323016 35
326038 10
351093 10
353013 5
361010 10
361084 30
365025 10
365073 40
368016 20
368078 30
370036 20
372047 40
374020 35
374067 5
376001 30
376020 8
376043 10
385028 20
385039 35
388016 19
